[General]
FileVersion=70
NumberOfJoysticks=2
NumberOfButtons=32
DisplayMode=2
UseDiagonalInput=0
UseDiagonalInput2=0
UsePOV8Way=0
RepeatSameKeyInSequence=0
Threshold=20
Threshold2=20
KeySendMode=0
SoundFile=
ImageFile=
VibrationSpeed1=0
VibrationSpeed2=0
VibrationDuration=0

[Joystick 1]
DefaultDisplayName=
DefaultTemplateId=
Axis1n=2,  -20,   0,   0, 0, 0, 0, 0.000, 0, 95, 1.0, 100, 0, 0, 0,    0
Axis1p=2,   20,   0,   0, 0, 0, 0, 0.000, 0, 95, 1.0, 100, 0, 0, 0,    0
Axis2n=2,    0, -20,   0, 0, 0, 0, 0.000, 0, 95, 1.0, 100, 0, 0, 0,    0
Axis2p=2,    0,  20,   0, 0, 0, 0, 0.000, 0, 95, 1.0, 100, 0, 0, 0,    0
Button01=2,    0,   0,   0, 1, 0, 0, 0.000, 0, 95, 1.0, 100, 0, 0, 0,    0
Button02=2,    0,   0,   0, 0, 0, 1, 0.000, 0, 95, 1.0, 100, 0, 0, 0,    0
Button04=1, 1B:00:00:00, 0.000, 0, 0
Button03=1, 11:00:00:00, 0.000, 0, 0
Button05=1, 21:00:00:00, 5.000, 0, 0
Button06=1, 22:00:00:00, 5.000, 0, 0
Button07=7, 3, 2000, 10:0:0:0, 9:0:0:0, 0:0:0:0, 0:0:0:0, 95, 100, 0.000, 0, 0, 20, 0
Button08=8, 20.000000, 6.000000, 0, 0, 0, 0, 0, 0, 0, 0.000, 0, 0
Button11=8, 45.000000, 6.000000, 0, 0, 0, 0, 0, 0, 0, 0.000, 0, 0
Button12=8, 55.000000, 6.000000, 0, 0, 0, 0, 0, 0, 0, 0.000, 0, 0

[Joystick 2]
DefaultDisplayName=
DefaultTemplateId=

